
SUMMARISING RUN PARAMETERS
==========================
Input filename: SRR3824222_1.fastq.gz
Trimming mode: paired-end
Trim Galore version: 0.6.10
Cutadapt version: 2.6
Python version: could not detect
Number of cores used for trimming: 8
Quality Phred score cutoff: 20
Quality encoding type selected: ASCII+33
Using Illumina adapter for trimming (count: 6). Second best hit was smallRNA (count: 0)
Adapter sequence: 'AGATCGGAAGAGC' (Illumina TruSeq, Sanger iPCR; auto-detected)
Maximum trimming error rate: 0.1 (default)
Minimum required adapter overlap (stringency): 1 bp
Minimum required sequence length for both reads before a sequence pair gets removed: 20 bp
Running FastQC on the data once trimming has completed
Output file will be GZIP compressed


This is cutadapt 2.6 with Python 3.7.16
Command line parameters: -j 8 -e 0.1 -q 20 -O 1 -a AGATCGGAAGAGC SRR3824222_1.fastq.gz
Processing reads on 8 cores in single-end mode ...
Finished in 778.94 s (5 us/read; 12.57 M reads/minute).

=== Summary ===

Total reads processed:             163,183,367
Reads with adapters:                60,701,057 (37.2%)
Reads written (passing filters):   163,183,367 (100.0%)

Total basepairs processed: 22,816,713,876 bp
Quality-trimmed:                  14,590 bp (0.0%)
Total written (filtered):  22,726,752,844 bp (99.6%)

=== Adapter 1 ===

Sequence: AGATCGGAAGAGC; Type: regular 3'; Length: 13; Trimmed: 60701057 times.

No. of allowed errors:
0-9 bp: 0; 10-13 bp: 1

Bases preceding removed adapters:
  A: 34.2%
  C: 1.5%
  G: 17.3%
  T: 47.1%
  none/other: 0.0%

Overview of removed sequences
length	count	expect	max.err	error counts
1	43665075	40795841.8	0	43665075
2	11696028	10198960.4	0	11696028
3	3853363	2549740.1	0	3853363
4	1342954	637435.0	0	1342954
5	20236	159358.8	0	20236
6	11369	39839.7	0	11369
7	4270	9959.9	0	4270
8	2765	2490.0	0	2765
9	5520	622.5	0	2346 3174
10	6881	155.6	1	2084 4797
11	4457	38.9	1	1974 2483
12	2784	9.7	1	1901 883
13	2197	2.4	1	1734 463
14	2157	2.4	1	1747 410
15	2096	2.4	1	1678 418
16	2018	2.4	1	1612 406
17	2338	2.4	1	1795 543
18	2133	2.4	1	1749 384
19	1653	2.4	1	1341 312
20	1808	2.4	1	1451 357
21	1688	2.4	1	1364 324
22	1456	2.4	1	1151 305
23	1450	2.4	1	1135 315
24	1521	2.4	1	1140 381
25	1506	2.4	1	1135 371
26	1159	2.4	1	853 306
27	1188	2.4	1	906 282
28	1115	2.4	1	797 318
29	986	2.4	1	722 264
30	905	2.4	1	677 228
31	732	2.4	1	540 192
32	777	2.4	1	569 208
33	691	2.4	1	496 195
34	744	2.4	1	559 185
35	659	2.4	1	475 184
36	654	2.4	1	489 165
37	488	2.4	1	353 135
38	561	2.4	1	420 141
39	555	2.4	1	407 148
40	468	2.4	1	353 115
41	506	2.4	1	385 121
42	459	2.4	1	336 123
43	544	2.4	1	424 120
44	458	2.4	1	322 136
45	525	2.4	1	444 81
46	312	2.4	1	226 86
47	391	2.4	1	291 100
48	388	2.4	1	285 103
49	370	2.4	1	283 87
50	375	2.4	1	303 72
51	312	2.4	1	239 73
52	308	2.4	1	242 66
53	345	2.4	1	265 80
54	325	2.4	1	242 83
55	297	2.4	1	247 50
56	267	2.4	1	228 39
57	327	2.4	1	271 56
58	299	2.4	1	249 50
59	280	2.4	1	225 55
60	330	2.4	1	278 52
61	269	2.4	1	229 40
62	271	2.4	1	204 67
63	348	2.4	1	289 59
64	301	2.4	1	243 58
65	329	2.4	1	268 61
66	307	2.4	1	248 59
67	310	2.4	1	257 53
68	297	2.4	1	237 60
69	306	2.4	1	250 56
70	291	2.4	1	242 49
71	504	2.4	1	363 141
72	1449	2.4	1	1366 83
73	385	2.4	1	329 56
74	352	2.4	1	292 60
75	331	2.4	1	283 48
76	373	2.4	1	338 35
77	337	2.4	1	298 39
78	267	2.4	1	221 46
79	278	2.4	1	234 44
80	272	2.4	1	238 34
81	298	2.4	1	259 39
82	317	2.4	1	273 44
83	280	2.4	1	247 33
84	277	2.4	1	244 33
85	288	2.4	1	262 26
86	269	2.4	1	231 38
87	274	2.4	1	234 40
88	294	2.4	1	259 35
89	292	2.4	1	258 34
90	296	2.4	1	256 40
91	327	2.4	1	286 41
92	300	2.4	1	272 28
93	349	2.4	1	321 28
94	353	2.4	1	305 48
95	452	2.4	1	411 41
96	420	2.4	1	364 56
97	440	2.4	1	393 47
98	495	2.4	1	447 48
99	515	2.4	1	480 35
100	527	2.4	1	493 34
101	596	2.4	1	559 37
102	721	2.4	1	681 40
103	1118	2.4	1	1060 58
104	954	2.4	1	896 58
105	1689	2.4	1	1618 71
106	1869	2.4	1	1808 61
107	1365	2.4	1	1307 58
108	1195	2.4	1	1144 51
109	836	2.4	1	794 42
110	827	2.4	1	795 32
111	829	2.4	1	793 36
112	921	2.4	1	895 26
113	756	2.4	1	703 53
114	1042	2.4	1	996 46
115	1116	2.4	1	1057 59
116	1086	2.4	1	1022 64
117	880	2.4	1	804 76
118	1204	2.4	1	1143 61
119	929	2.4	1	860 69
120	1014	2.4	1	977 37
121	495	2.4	1	463 32
122	623	2.4	1	555 68
123	498	2.4	1	431 67
124	435	2.4	1	384 51
125	413	2.4	1	365 48
126	364	2.4	1	320 44
127	361	2.4	1	329 32
128	274	2.4	1	235 39
129	269	2.4	1	237 32
130	192	2.4	1	159 33
131	197	2.4	1	168 29
132	255	2.4	1	230 25
133	263	2.4	1	232 31
134	369	2.4	1	341 28
135	287	2.4	1	251 36
136	230	2.4	1	196 34
137	408	2.4	1	368 40
138	300	2.4	1	264 36
139	288	2.4	1	240 48
140	126	2.4	1	92 34

RUN STATISTICS FOR INPUT FILE: SRR3824222_1.fastq.gz
=============================================
163183367 sequences processed in total

