
SUMMARISING RUN PARAMETERS
==========================
Input filename: SRR5836475_1.fastq.gz
Trimming mode: paired-end
Trim Galore version: 0.6.10
Cutadapt version: 2.6
Python version: could not detect
Number of cores used for trimming: 8
Quality Phred score cutoff: 20
Quality encoding type selected: ASCII+33
Using Illumina adapter for trimming (count: 3). Second best hit was Nextera (count: 0)
Adapter sequence: 'AGATCGGAAGAGC' (Illumina TruSeq, Sanger iPCR; auto-detected)
Maximum trimming error rate: 0.1 (default)
Minimum required adapter overlap (stringency): 1 bp
Minimum required sequence length for both reads before a sequence pair gets removed: 20 bp
Running FastQC on the data once trimming has completed
Output file will be GZIP compressed


This is cutadapt 2.6 with Python 3.7.16
Command line parameters: -j 8 -e 0.1 -q 20 -O 1 -a AGATCGGAAGAGC SRR5836475_1.fastq.gz
Processing reads on 8 cores in single-end mode ...
Finished in 1015.53 s (9 us/read; 6.40 M reads/minute).

=== Summary ===

Total reads processed:             108,333,570
Reads with adapters:                39,195,936 (36.2%)
Reads written (passing filters):   108,333,570 (100.0%)

Total basepairs processed: 15,148,245,289 bp
Quality-trimmed:                  11,417 bp (0.0%)
Total written (filtered):  15,048,532,050 bp (99.3%)

=== Adapter 1 ===

Sequence: AGATCGGAAGAGC; Type: regular 3'; Length: 13; Trimmed: 39195936 times.

No. of allowed errors:
0-9 bp: 0; 10-13 bp: 1

Bases preceding removed adapters:
  A: 33.7%
  C: 5.5%
  G: 17.8%
  T: 43.0%
  none/other: 0.0%

Overview of removed sequences
length	count	expect	max.err	error counts
1	28117984	27083392.5	0	28117984
2	7396733	6770848.1	0	7396733
3	2371749	1692712.0	0	2371749
4	802037	423178.0	0	802037
5	25147	105794.5	0	25147
6	9223	26448.6	0	9223
7	3349	6612.2	0	3349
8	2214	1653.0	0	2214
9	3870	413.3	0	2076 1794
10	4769	103.3	1	1976 2793
11	3289	25.8	1	1777 1512
12	2156	6.5	1	1580 576
13	2110	1.6	1	1693 417
14	2045	1.6	1	1644 401
15	2022	1.6	1	1609 413
16	1929	1.6	1	1575 354
17	2168	1.6	1	1659 509
18	1992	1.6	1	1624 368
19	1550	1.6	1	1221 329
20	1915	1.6	1	1506 409
21	1579	1.6	1	1253 326
22	1451	1.6	1	1175 276
23	1514	1.6	1	1161 353
24	1498	1.6	1	1152 346
25	1654	1.6	1	1242 412
26	1141	1.6	1	863 278
27	1498	1.6	1	1111 387
28	1329	1.6	1	948 381
29	1069	1.6	1	790 279
30	959	1.6	1	717 242
31	787	1.6	1	604 183
32	860	1.6	1	637 223
33	872	1.6	1	655 217
34	833	1.6	1	623 210
35	835	1.6	1	630 205
36	833	1.6	1	592 241
37	729	1.6	1	513 216
38	694	1.6	1	525 169
39	659	1.6	1	497 162
40	614	1.6	1	490 124
41	661	1.6	1	498 163
42	661	1.6	1	486 175
43	678	1.6	1	586 92
44	478	1.6	1	373 105
45	603	1.6	1	458 145
46	560	1.6	1	448 112
47	562	1.6	1	439 123
48	597	1.6	1	466 131
49	494	1.6	1	404 90
50	519	1.6	1	428 91
51	491	1.6	1	393 98
52	574	1.6	1	444 130
53	570	1.6	1	477 93
54	493	1.6	1	408 85
55	543	1.6	1	444 99
56	521	1.6	1	431 90
57	511	1.6	1	402 109
58	568	1.6	1	468 100
59	624	1.6	1	479 145
60	637	1.6	1	533 104
61	703	1.6	1	558 145
62	717	1.6	1	577 140
63	830	1.6	1	705 125
64	1073	1.6	1	875 198
65	1605	1.6	1	1330 275
66	1403	1.6	1	1150 253
67	1477	1.6	1	1266 211
68	950	1.6	1	806 144
69	1258	1.6	1	1067 191
70	2405	1.6	1	2261 144
71	1230	1.6	1	1105 125
72	872	1.6	1	771 101
73	978	1.6	1	892 86
74	959	1.6	1	849 110
75	931	1.6	1	866 65
76	813	1.6	1	728 85
77	732	1.6	1	678 54
78	784	1.6	1	731 53
79	797	1.6	1	750 47
80	749	1.6	1	711 38
81	797	1.6	1	742 55
82	687	1.6	1	636 51
83	689	1.6	1	650 39
84	593	1.6	1	564 29
85	707	1.6	1	669 38
86	694	1.6	1	634 60
87	762	1.6	1	716 46
88	753	1.6	1	702 51
89	930	1.6	1	877 53
90	972	1.6	1	929 43
91	1376	1.6	1	1312 64
92	1257	1.6	1	1195 62
93	1689	1.6	1	1613 76
94	1702	1.6	1	1621 81
95	2548	1.6	1	2406 142
96	2613	1.6	1	2465 148
97	3533	1.6	1	3382 151
98	4389	1.6	1	4219 170
99	3910	1.6	1	3758 152
100	4691	1.6	1	4507 184
101	7182	1.6	1	6972 210
102	6133	1.6	1	5886 247
103	14278	1.6	1	13845 433
104	11217	1.6	1	10903 314
105	20403	1.6	1	19838 565
106	23679	1.6	1	23283 396
107	16997	1.6	1	16766 231
108	16647	1.6	1	16456 191
109	10329	1.6	1	10214 115
110	10746	1.6	1	10610 136
111	10597	1.6	1	10468 129
112	13252	1.6	1	13133 119
113	10680	1.6	1	10567 113
114	15413	1.6	1	15270 143
115	11720	1.6	1	11607 113
116	14612	1.6	1	14497 115
117	16646	1.6	1	16514 132
118	15582	1.6	1	15501 81
119	15439	1.6	1	15341 98
120	16152	1.6	1	16057 95
121	8236	1.6	1	8173 63
122	9210	1.6	1	9153 57
123	6067	1.6	1	6023 44
124	4877	1.6	1	4829 48
125	3741	1.6	1	3678 63
126	4788	1.6	1	4744 44
127	4187	1.6	1	4156 31
128	2583	1.6	1	2551 32
129	1577	1.6	1	1542 35
130	1865	1.6	1	1835 30
131	1744	1.6	1	1709 35
132	1944	1.6	1	1915 29
133	1546	1.6	1	1507 39
134	3165	1.6	1	3131 34
135	2582	1.6	1	2537 45
136	2201	1.6	1	2129 72
137	4121	1.6	1	4032 89
138	2597	1.6	1	2524 73
139	2775	1.6	1	2684 91
140	864	1.6	1	749 115

RUN STATISTICS FOR INPUT FILE: SRR5836475_1.fastq.gz
=============================================
108333570 sequences processed in total

