
SUMMARISING RUN PARAMETERS
==========================
Input filename: SRR5836479_2.fastq.gz
Trimming mode: paired-end
Trim Galore version: 0.6.10
Cutadapt version: 2.6
Python version: could not detect
Number of cores used for trimming: 8
Quality Phred score cutoff: 20
Quality encoding type selected: ASCII+33
Using Illumina adapter for trimming (count: 7). Second best hit was Nextera (count: 0)
Adapter sequence: 'AGATCGGAAGAGC' (Illumina TruSeq, Sanger iPCR; auto-detected)
Maximum trimming error rate: 0.1 (default)
Minimum required adapter overlap (stringency): 1 bp
Minimum required sequence length for both reads before a sequence pair gets removed: 20 bp
Running FastQC on the data once trimming has completed
Output file will be GZIP compressed


This is cutadapt 2.6 with Python 3.7.16
Command line parameters: -j 8 -e 0.1 -q 20 -O 1 -a AGATCGGAAGAGC SRR5836479_2.fastq.gz
Processing reads on 8 cores in single-end mode ...
Finished in 775.50 s (4 us/read; 16.27 M reads/minute).

=== Summary ===

Total reads processed:             210,268,052
Reads with adapters:                98,293,418 (46.7%)
Reads written (passing filters):   210,268,052 (100.0%)

Total basepairs processed: 29,246,796,504 bp
Quality-trimmed:                  70,018 bp (0.0%)
Total written (filtered):  29,139,773,095 bp (99.6%)

=== Adapter 1 ===

Sequence: AGATCGGAAGAGC; Type: regular 3'; Length: 13; Trimmed: 98293418 times.

No. of allowed errors:
0-9 bp: 0; 10-13 bp: 1

Bases preceding removed adapters:
  A: 54.5%
  C: 17.1%
  G: 1.2%
  T: 27.2%
  none/other: 0.0%

Overview of removed sequences
length	count	expect	max.err	error counts
1	97128081	52567013.0	0	97128081
2	507129	13141753.2	0	507129
3	438910	3285438.3	0	438910
4	93173	821359.6	0	93173
5	22604	205339.9	0	22604
6	3905	51335.0	0	3905
7	2092	12833.7	0	2092
8	1067	3208.4	0	1067
9	920	802.1	0	821 99
10	2342	200.5	1	791 1551
11	1860	50.1	1	475 1385
12	2042	12.5	1	751 1291
13	996	3.1	1	380 616
14	1635	3.1	1	636 999
15	498	3.1	1	146 352
16	613	3.1	1	211 402
17	1133	3.1	1	514 619
18	450	3.1	1	135 315
19	975	3.1	1	461 514
20	600	3.1	1	227 373
21	479	3.1	1	149 330
22	682	3.1	1	270 412
23	1011	3.1	1	435 576
24	2007	3.1	1	1020 987
25	620	3.1	1	269 351
26	563	3.1	1	207 356
27	590	3.1	1	190 400
28	874	3.1	1	370 504
29	672	3.1	1	244 428
30	1141	3.1	1	513 628
31	365	3.1	1	112 253
32	1014	3.1	1	495 519
33	637	3.1	1	259 378
34	543	3.1	1	194 349
35	918	3.1	1	427 491
36	858	3.1	1	271 587
37	556	3.1	1	210 346
38	559	3.1	1	229 330
39	548	3.1	1	194 354
40	587	3.1	1	206 381
41	683	3.1	1	246 437
42	728	3.1	1	294 434
43	508	3.1	1	149 359
44	731	3.1	1	231 500
45	1043	3.1	1	421 622
46	440	3.1	1	139 301
47	441	3.1	1	107 334
48	927	3.1	1	333 594
49	688	3.1	1	198 490
50	888	3.1	1	176 712
51	1613	3.1	1	791 822
52	539	3.1	1	144 395
53	411	3.1	1	119 292
54	605	3.1	1	102 503
55	762	3.1	1	255 507
56	673	3.1	1	188 485
57	913	3.1	1	228 685
58	795	3.1	1	252 543
59	673	3.1	1	208 465
60	608	3.1	1	202 406
61	588	3.1	1	174 414
62	974	3.1	1	310 664
63	1237	3.1	1	388 849
64	1028	3.1	1	369 659
65	721	3.1	1	232 489
66	423	3.1	1	125 298
67	461	3.1	1	141 320
68	468	3.1	1	150 318
69	617	3.1	1	189 428
70	471	3.1	1	154 317
71	632	3.1	1	217 415
72	508	3.1	1	191 317
73	651	3.1	1	241 410
74	476	3.1	1	183 293
75	453	3.1	1	160 293
76	580	3.1	1	226 354
77	462	3.1	1	169 293
78	484	3.1	1	169 315
79	454	3.1	1	155 299
80	461	3.1	1	154 307
81	538	3.1	1	170 368
82	592	3.1	1	209 383
83	608	3.1	1	238 370
84	502	3.1	1	223 279
85	536	3.1	1	228 308
86	579	3.1	1	256 323
87	464	3.1	1	198 266
88	411	3.1	1	169 242
89	515	3.1	1	222 293
90	410	3.1	1	183 227
91	463	3.1	1	203 260
92	554	3.1	1	261 293
93	416	3.1	1	190 226
94	428	3.1	1	186 242
95	382	3.1	1	176 206
96	354	3.1	1	152 202
97	421	3.1	1	179 242
98	380	3.1	1	156 224
99	378	3.1	1	162 216
100	334	3.1	1	128 206
101	343	3.1	1	135 208
102	353	3.1	1	131 222
103	360	3.1	1	153 207
104	329	3.1	1	157 172
105	380	3.1	1	157 223
106	413	3.1	1	168 245
107	359	3.1	1	148 211
108	359	3.1	1	145 214
109	367	3.1	1	144 223
110	346	3.1	1	125 221
111	367	3.1	1	149 218
112	361	3.1	1	139 222
113	383	3.1	1	131 252
114	380	3.1	1	131 249
115	383	3.1	1	126 257
116	402	3.1	1	135 267
117	419	3.1	1	146 273
118	431	3.1	1	121 310
119	452	3.1	1	131 321
120	489	3.1	1	129 360
121	578	3.1	1	164 414
122	631	3.1	1	190 441
123	628	3.1	1	198 430
124	774	3.1	1	248 526
125	916	3.1	1	299 617
126	1026	3.1	1	348 678
127	1282	3.1	1	452 830
128	1746	3.1	1	663 1083
129	2084	3.1	1	908 1176
130	2067	3.1	1	950 1117
131	2102	3.1	1	995 1107
132	1840	3.1	1	796 1044
133	1447	3.1	1	570 877
134	1310	3.1	1	475 835
135	1239	3.1	1	430 809
136	1182	3.1	1	416 766
137	995	3.1	1	317 678
138	657	3.1	1	158 499
139	526	3.1	1	100 426
140	380	3.1	1	54 326

RUN STATISTICS FOR INPUT FILE: SRR5836479_2.fastq.gz
=============================================
210268052 sequences processed in total

Total number of sequences analysed for the sequence pair length validation: 210268052

Number of sequence pairs removed because at least one read was shorter than the length cutoff (20 bp): 35572 (0.02%)
