
SUMMARISING RUN PARAMETERS
==========================
Input filename: SRR5836476_1.fastq.gz
Trimming mode: paired-end
Trim Galore version: 0.6.10
Cutadapt version: 2.6
Number of cores used for trimming: 1
Quality Phred score cutoff: 20
Quality encoding type selected: ASCII+33
Using Illumina adapter for trimming (count: 5). Second best hit was smallRNA (count: 0)
Adapter sequence: 'AGATCGGAAGAGC' (Illumina TruSeq, Sanger iPCR; auto-detected)
Maximum trimming error rate: 0.1 (default)
Minimum required adapter overlap (stringency): 1 bp
Minimum required sequence length for both reads before a sequence pair gets removed: 20 bp
Running FastQC on the data once trimming has completed
Output file will be GZIP compressed


This is cutadapt 2.6 with Python 3.7.16
Command line parameters: -j 1 -e 0.1 -q 20 -O 1 -a AGATCGGAAGAGC SRR5836476_1.fastq.gz
Processing reads on 1 core in single-end mode ...
Finished in 2458.05 s (25 us/read; 2.42 M reads/minute).

=== Summary ===

Total reads processed:              98,976,468
Reads with adapters:                35,761,847 (36.1%)
Reads written (passing filters):    98,976,468 (100.0%)

Total basepairs processed: 13,840,184,726 bp
Quality-trimmed:                   9,280 bp (0.0%)
Total written (filtered):  13,754,828,776 bp (99.4%)

=== Adapter 1 ===

Sequence: AGATCGGAAGAGC; Type: regular 3'; Length: 13; Trimmed: 35761847 times.

No. of allowed errors:
0-9 bp: 0; 10-13 bp: 1

Bases preceding removed adapters:
  A: 33.9%
  C: 5.3%
  G: 17.7%
  T: 43.1%
  none/other: 0.0%

Overview of removed sequences
length	count	expect	max.err	error counts
1	25764324	24744117.0	0	25764324
2	6707995	6186029.2	0	6707995
3	2154931	1546507.3	0	2154931
4	727213	386626.8	0	727213
5	22289	96656.7	0	22289
6	8006	24164.2	0	8006
7	3117	6041.0	0	3117
8	1865	1510.3	0	1865
9	3374	377.6	0	1816 1558
10	3988	94.4	1	1595 2393
11	2915	23.6	1	1535 1380
12	1853	5.9	1	1414 439
13	1842	1.5	1	1452 390
14	1730	1.5	1	1411 319
15	1791	1.5	1	1429 362
16	1743	1.5	1	1438 305
17	1893	1.5	1	1517 376
18	1799	1.5	1	1485 314
19	1423	1.5	1	1178 245
20	1544	1.5	1	1243 301
21	1352	1.5	1	1074 278
22	1232	1.5	1	1003 229
23	1262	1.5	1	977 285
24	1250	1.5	1	971 279
25	1379	1.5	1	1041 338
26	1042	1.5	1	838 204
27	1155	1.5	1	865 290
28	1134	1.5	1	820 314
29	812	1.5	1	606 206
30	766	1.5	1	600 166
31	675	1.5	1	510 165
32	646	1.5	1	488 158
33	569	1.5	1	415 154
34	652	1.5	1	483 169
35	648	1.5	1	489 159
36	592	1.5	1	428 164
37	500	1.5	1	373 127
38	543	1.5	1	396 147
39	513	1.5	1	370 143
40	557	1.5	1	406 151
41	410	1.5	1	330 80
42	469	1.5	1	345 124
43	526	1.5	1	435 91
44	329	1.5	1	242 87
45	418	1.5	1	322 96
46	445	1.5	1	354 91
47	418	1.5	1	308 110
48	430	1.5	1	321 109
49	399	1.5	1	319 80
50	351	1.5	1	279 72
51	371	1.5	1	299 72
52	415	1.5	1	332 83
53	341	1.5	1	279 62
54	352	1.5	1	292 60
55	363	1.5	1	282 81
56	333	1.5	1	274 59
57	404	1.5	1	322 82
58	387	1.5	1	314 73
59	481	1.5	1	373 108
60	435	1.5	1	348 87
61	583	1.5	1	475 108
62	464	1.5	1	385 79
63	611	1.5	1	483 128
64	773	1.5	1	616 157
65	1264	1.5	1	1032 232
66	1174	1.5	1	973 201
67	1230	1.5	1	1042 188
68	737	1.5	1	622 115
69	878	1.5	1	737 141
70	1675	1.5	1	1573 102
71	942	1.5	1	864 78
72	666	1.5	1	599 67
73	703	1.5	1	621 82
74	696	1.5	1	629 67
75	623	1.5	1	565 58
76	594	1.5	1	540 54
77	599	1.5	1	557 42
78	608	1.5	1	543 65
79	527	1.5	1	499 28
80	561	1.5	1	530 31
81	623	1.5	1	584 39
82	504	1.5	1	467 37
83	532	1.5	1	493 39
84	459	1.5	1	431 28
85	540	1.5	1	508 32
86	516	1.5	1	483 33
87	547	1.5	1	517 30
88	639	1.5	1	590 49
89	775	1.5	1	734 41
90	730	1.5	1	690 40
91	1112	1.5	1	1055 57
92	988	1.5	1	957 31
93	1417	1.5	1	1328 89
94	1465	1.5	1	1380 85
95	2210	1.5	1	2059 151
96	2214	1.5	1	2079 135
97	3004	1.5	1	2856 148
98	3591	1.5	1	3449 142
99	3183	1.5	1	3052 131
100	3869	1.5	1	3736 133
101	5544	1.5	1	5334 210
102	4880	1.5	1	4696 184
103	10849	1.5	1	10483 366
104	8489	1.5	1	8241 248
105	17134	1.5	1	16636 498
106	19088	1.5	1	18741 347
107	13824	1.5	1	13574 250
108	13053	1.5	1	12842 211
109	8593	1.5	1	8466 127
110	8213	1.5	1	8106 107
111	9188	1.5	1	9065 123
112	10499	1.5	1	10371 128
113	9993	1.5	1	9897 96
114	10713	1.5	1	10589 124
115	11056	1.5	1	10942 114
116	10169	1.5	1	10055 114
117	15287	1.5	1	15148 139
118	11621	1.5	1	11511 110
119	12109	1.5	1	12007 102
120	12788	1.5	1	12735 53
121	6498	1.5	1	6435 63
122	7254	1.5	1	7191 63
123	4665	1.5	1	4611 54
124	3507	1.5	1	3471 36
125	2930	1.5	1	2895 35
126	3505	1.5	1	3461 44
127	3049	1.5	1	3010 39
128	2087	1.5	1	2062 25
129	1330	1.5	1	1309 21
130	1533	1.5	1	1512 21
131	1294	1.5	1	1272 22
132	1436	1.5	1	1415 21
133	1149	1.5	1	1125 24
134	2125	1.5	1	2100 25
135	1953	1.5	1	1925 28
136	1671	1.5	1	1594 77
137	2986	1.5	1	2907 79
138	1778	1.5	1	1720 58
139	1577	1.5	1	1487 90
140	613	1.5	1	518 95

RUN STATISTICS FOR INPUT FILE: SRR5836476_1.fastq.gz
=============================================
98976468 sequences processed in total

