
SUMMARISING RUN PARAMETERS
==========================
Input filename: SRR5836479_1.fastq.gz
Trimming mode: paired-end
Trim Galore version: 0.6.10
Cutadapt version: 2.6
Python version: could not detect
Number of cores used for trimming: 8
Quality Phred score cutoff: 20
Quality encoding type selected: ASCII+33
Using Illumina adapter for trimming (count: 7). Second best hit was Nextera (count: 0)
Adapter sequence: 'AGATCGGAAGAGC' (Illumina TruSeq, Sanger iPCR; auto-detected)
Maximum trimming error rate: 0.1 (default)
Minimum required adapter overlap (stringency): 1 bp
Minimum required sequence length for both reads before a sequence pair gets removed: 20 bp
Running FastQC on the data once trimming has completed
Output file will be GZIP compressed


This is cutadapt 2.6 with Python 3.7.16
Command line parameters: -j 8 -e 0.1 -q 20 -O 1 -a AGATCGGAAGAGC SRR5836479_1.fastq.gz
Processing reads on 8 cores in single-end mode ...
Finished in 667.73 s (3 us/read; 18.89 M reads/minute).

=== Summary ===

Total reads processed:             210,268,052
Reads with adapters:                78,208,463 (37.2%)
Reads written (passing filters):   210,268,052 (100.0%)

Total basepairs processed: 29,401,333,629 bp
Quality-trimmed:                  23,234 bp (0.0%)
Total written (filtered):  29,284,802,398 bp (99.6%)

=== Adapter 1 ===

Sequence: AGATCGGAAGAGC; Type: regular 3'; Length: 13; Trimmed: 78208463 times.

No. of allowed errors:
0-9 bp: 0; 10-13 bp: 1

Bases preceding removed adapters:
  A: 34.1%
  C: 1.7%
  G: 17.2%
  T: 47.0%
  none/other: 0.0%

Overview of removed sequences
length	count	expect	max.err	error counts
1	56264896	52567013.0	0	56264896
2	15036970	13141753.2	0	15036970
3	4966022	3285438.3	0	4966022
4	1729264	821359.6	0	1729264
5	29086	205339.9	0	29086
6	15399	51335.0	0	15399
7	6298	12833.7	0	6298
8	4241	3208.4	0	4241
9	7857	802.1	0	3810 4047
10	9971	200.5	1	3397 6574
11	6787	50.1	1	3263 3524
12	4274	12.5	1	2937 1337
13	3620	3.1	1	2853 767
14	3630	3.1	1	2909 721
15	3517	3.1	1	2817 700
16	3360	3.1	1	2712 648
17	3750	3.1	1	2896 854
18	3357	3.1	1	2704 653
19	2673	3.1	1	2181 492
20	3271	3.1	1	2566 705
21	2597	3.1	1	2022 575
22	2513	3.1	1	2016 497
23	2376	3.1	1	1808 568
24	2353	3.1	1	1741 612
25	2433	3.1	1	1783 650
26	1911	3.1	1	1441 470
27	1978	3.1	1	1467 511
28	2008	3.1	1	1460 548
29	1641	3.1	1	1181 460
30	1461	3.1	1	1088 373
31	1189	3.1	1	876 313
32	1292	3.1	1	919 373
33	1226	3.1	1	896 330
34	1217	3.1	1	836 381
35	1254	3.1	1	921 333
36	941	3.1	1	717 224
37	902	3.1	1	660 242
38	877	3.1	1	664 213
39	943	3.1	1	695 248
40	873	3.1	1	653 220
41	773	3.1	1	599 174
42	747	3.1	1	572 175
43	830	3.1	1	633 197
44	752	3.1	1	574 178
45	876	3.1	1	726 150
46	526	3.1	1	382 144
47	616	3.1	1	473 143
48	658	3.1	1	539 119
49	648	3.1	1	523 125
50	583	3.1	1	475 108
51	530	3.1	1	444 86
52	523	3.1	1	436 87
53	559	3.1	1	460 99
54	586	3.1	1	443 143
55	569	3.1	1	467 102
56	446	3.1	1	349 97
57	559	3.1	1	459 100
58	473	3.1	1	405 68
59	444	3.1	1	356 88
60	463	3.1	1	379 84
61	416	3.1	1	342 74
62	438	3.1	1	345 93
63	571	3.1	1	455 116
64	460	3.1	1	375 85
65	493	3.1	1	423 70
66	489	3.1	1	423 66
67	472	3.1	1	387 85
68	395	3.1	1	340 55
69	418	3.1	1	351 67
70	438	3.1	1	372 66
71	700	3.1	1	473 227
72	1633	3.1	1	1537 96
73	516	3.1	1	432 84
74	451	3.1	1	399 52
75	454	3.1	1	395 59
76	475	3.1	1	424 51
77	389	3.1	1	335 54
78	320	3.1	1	273 47
79	343	3.1	1	302 41
80	351	3.1	1	309 42
81	374	3.1	1	322 52
82	344	3.1	1	298 46
83	371	3.1	1	326 45
84	323	3.1	1	291 32
85	314	3.1	1	276 38
86	319	3.1	1	269 50
87	304	3.1	1	258 46
88	326	3.1	1	279 47
89	354	3.1	1	302 52
90	333	3.1	1	294 39
91	359	3.1	1	321 38
92	376	3.1	1	325 51
93	426	3.1	1	394 32
94	433	3.1	1	390 43
95	492	3.1	1	453 39
96	524	3.1	1	471 53
97	530	3.1	1	481 49
98	589	3.1	1	541 48
99	619	3.1	1	568 51
100	674	3.1	1	617 57
101	707	3.1	1	653 54
102	910	3.1	1	847 63
103	1565	3.1	1	1496 69
104	1279	3.1	1	1197 82
105	2473	3.1	1	2379 94
106	2599	3.1	1	2524 75
107	1923	3.1	1	1865 58
108	1686	3.1	1	1643 43
109	1131	3.1	1	1092 39
110	1175	3.1	1	1133 42
111	1121	3.1	1	1073 48
112	1277	3.1	1	1235 42
113	1104	3.1	1	1052 52
114	1520	3.1	1	1464 56
115	1217	3.1	1	1143 74
116	1153	3.1	1	1077 76
117	1354	3.1	1	1259 95
118	1451	3.1	1	1363 88
119	1515	3.1	1	1447 68
120	1420	3.1	1	1364 56
121	732	3.1	1	692 40
122	882	3.1	1	825 57
123	657	3.1	1	578 79
124	621	3.1	1	537 84
125	632	3.1	1	545 87
126	594	3.1	1	533 61
127	437	3.1	1	408 29
128	366	3.1	1	321 45
129	291	3.1	1	250 41
130	253	3.1	1	215 38
131	250	3.1	1	221 29
132	303	3.1	1	263 40
133	324	3.1	1	279 45
134	468	3.1	1	420 48
135	322	3.1	1	297 25
136	270	3.1	1	242 28
137	592	3.1	1	551 41
138	372	3.1	1	339 33
139	356	3.1	1	328 28
140	166	3.1	1	107 59

RUN STATISTICS FOR INPUT FILE: SRR5836479_1.fastq.gz
=============================================
210268052 sequences processed in total

